index;x;y;z
0;-0.003403;-0.012543;-1.007263
1;-0.007278;-0.014008;-1.008514
2;-0.007034;-0.013763;-1.006577
3;-0.006058;-0.013443;-1.009125
4;-0.008163;-0.013260;-1.007278
5;-0.006027;-0.013474;-1.007584
6;-0.006409;-0.012939;-1.007294
7;-0.006195;-0.013016;-1.008133
8;-0.005600;-0.012924;-1.008545
9;-0.006302;-0.012787;-1.006470
10;-0.006668;-0.013565;-1.007996
11;-0.007156;-0.013123;-1.007416
12;-0.006500;-0.013626;-1.006927
13;-0.007935;-0.013672;-1.007401
14;-0.005768;-0.012787;-1.007401
15;-0.007126;-0.014038;-1.008179
16;-0.005890;-0.013672;-1.008133
17;-0.006546;-0.012543;-1.007645
18;-0.007141;-0.012802;-1.008148
19;-0.005630;-0.014206;-1.008301
20;-0.006348;-0.013611;-1.007614
21;-0.006592;-0.013519;-1.008194
22;-0.006653;-0.013214;-1.007202
23;-0.006119;-0.012863;-1.007156
24;-0.006042;-0.013931;-1.007675
25;-0.006958;-0.013474;-1.008194
26;-0.005524;-0.012482;-1.006851
27;-0.006485;-0.013733;-1.007233
28;-0.006348;-0.012726;-1.008423
29;-0.006531;-0.013794;-1.007996
30;-0.007050;-0.013229;-1.008850
31;-0.006332;-0.012802;-1.006699
32;-0.006363;-0.012955;-1.007812
33;-0.007111;-0.013596;-1.008224
34;-0.005447;-0.012650;-1.007675
35;-0.006027;-0.013443;-1.008301
36;-0.005142;-0.012466;-1.007233
37;-0.014297;-0.014191;-1.003098
38;0.002594;-0.010147;-1.012543
39;-0.009750;-0.014435;-1.006729
40;-0.008713;-0.014343;-1.008194
41;-0.003021;-0.011673;-1.008453
42;-0.009216;-0.013626;-1.007462
43;-0.005142;-0.013214;-1.008026
44;-0.006470;-0.013046;-1.007309
45;-0.006317;-0.013367;-1.007202
46;-0.006149;-0.013168;-1.008057
47;-0.007050;-0.013657;-1.008026
48;-0.003036;-0.018356;-1.035065
49;-0.009445;-0.018631;-1.003357
50;-0.005173;-0.014938;-1.006332
51;-0.007965;-0.015671;-1.012253
52;-0.006897;-0.012909;-1.005096
53;-0.006714;-0.013702;-1.008942
54;-0.005692;-0.014755;-1.007004
55;-0.005508;-0.012619;-1.007874
56;-0.007202;-0.013031;-1.006851
57;-0.007553;-0.012741;-1.008240
58;-0.005569;-0.013199;-1.007141
59;-0.007233;-0.012039;-1.007263
60;-0.006088;-0.013107;-1.007996
61;-0.005920;-0.012650;-1.007706
62;-0.008087;-0.013412;-1.008087
63;-0.007111;-0.013519;-1.007217
64;-0.006973;-0.013397;-1.007233
65;-0.007065;-0.012985;-1.007858
66;-0.006149;-0.012665;-1.007477
67;-0.006012;-0.013504;-1.008423
68;-0.006165;-0.013016;-1.007767
69;-0.006531;-0.013275;-1.007767
70;-0.007217;-0.012909;-1.008911
71;-0.006363;-0.012238;-1.007507
72;-0.006516;-0.013458;-1.008438
73;-0.005936;-0.013641;-1.007584
74;-0.007828;-0.013840;-1.008286
75;-0.006744;-0.013382;-1.007477
76;-0.006165;-0.012527;-1.008118
77;-0.007080;-0.013672;-1.007629
78;-0.006516;-0.013290;-1.008377
79;-0.005951;-0.012314;-1.007767
80;-0.006699;-0.012436;-1.007401
81;-0.006882;-0.012375;-1.008148
82;-0.007233;-0.013245;-1.009445
83;-0.004196;-0.009842;-1.002701
84;-0.007721;-0.012360;-1.007706
85;-0.006012;-0.011322;-1.007568
86;-0.006561;-0.012970;-1.006714
87;-0.006241;-0.013321;-1.008987
88;-0.005463;-0.013031;-1.007782
89;-0.007156;-0.013336;-1.006943
90;-0.006195;-0.012222;-1.008118
91;-0.006927;-0.013931;-1.008392
92;-0.007004;-0.013336;-1.008118
93;-0.005768;-0.012482;-1.008255
94;-0.007080;-0.013702;-1.007370
95;-0.006088;-0.012909;-1.006012
96;-0.006699;-0.010681;-0.996887
97;-0.005676;-0.012421;-1.012085
98;-0.007172;-0.012650;-1.005875
99;-0.007095;-0.013062;-1.008972
100;-0.005508;-0.013382;-1.007935
101;-0.006348;-0.013428;-1.007446
102;-0.006454;-0.012878;-1.007889
103;-0.006134;-0.013412;-1.007919
104;-0.006622;-0.012482;-1.008789
105;-0.006760;-0.012802;-1.008118
106;-0.006378;-0.012878;-1.008301
107;-0.005829;-0.012619;-1.008179
108;-0.006516;-0.013199;-1.007950
109;-0.006073;-0.013489;-1.008087
110;-0.006882;-0.012985;-1.008316
111;-0.005737;-0.013336;-1.007889
112;-0.006531;-0.013031;-1.007141
113;-0.006622;-0.013641;-1.008331
114;-0.006577;-0.012787;-1.008591
115;-0.007248;-0.013260;-1.007935
116;-0.005951;-0.013397;-1.007965
117;-0.006683;-0.013550;-1.009216
118;-0.006607;-0.013397;-1.008041
119;-0.007019;-0.013412;-1.008514
120;-0.006195;-0.013626;-1.008591
121;-0.007309;-0.013092;-1.008026
122;-0.006287;-0.013016;-1.008224
123;-0.006531;-0.013977;-1.007217
124;-0.006973;-0.013031;-1.007751
125;-0.005508;-0.012985;-1.008453
126;-0.006302;-0.012054;-1.008667
127;-0.007080;-0.012894;-1.007736
128;-0.006454;-0.014053;-1.008850
129;-0.006058;-0.013870;-1.007523
130;-0.006622;-0.013245;-1.008438
131;-0.007187;-0.013855;-1.009201
132;-0.005600;-0.013306;-1.007599
133;-0.006287;-0.013351;-1.007339
134;-0.005920;-0.013229;-1.007416
135;-0.006454;-0.013077;-1.007736
136;-0.006577;-0.013931;-1.007721
137;-0.006683;-0.013809;-1.007553
138;-0.006577;-0.012741;-1.000824
139;-0.005829;-0.013245;-1.010269
140;-0.009735;-0.013428;-1.007996
