index;x;y;z
0;-0.005981;-0.011414;-1.008804
1;-0.006516;-0.012207;-1.008331
2;-0.006470;-0.012070;-1.007935
3;-0.006775;-0.012054;-1.008804
4;-0.007019;-0.012543;-1.007828
5;-0.005386;-0.012558;-1.007278
6;-0.006882;-0.011215;-1.007370
7;-0.006805;-0.013077;-1.007584
8;-0.005646;-0.012787;-1.008804
9;-0.006851;-0.012573;-1.008255
10;-0.006271;-0.012634;-1.007324
11;-0.006241;-0.012360;-1.007339
12;-0.006744;-0.013092;-1.007248
13;-0.006302;-0.012283;-1.006546
14;-0.006409;-0.012360;-1.008072
15;-0.006577;-0.012177;-1.008026
16;-0.007309;-0.013489;-1.006607
17;-0.006729;-0.012207;-1.007584
18;-0.006409;-0.012100;-1.008789
19;-0.006409;-0.012726;-1.008194
20;-0.006134;-0.012451;-1.007187
21;-0.006256;-0.012589;-1.008362
22;-0.006622;-0.011902;-1.007736
23;-0.006317;-0.012177;-1.007507
24;-0.006332;-0.012512;-1.007416
25;-0.006287;-0.012466;-1.007660
26;-0.007004;-0.012054;-1.008148
27;-0.006439;-0.011993;-1.007538
28;-0.007523;-0.012131;-1.007721
29;-0.007431;-0.013321;-1.008148
30;-0.005753;-0.012817;-1.008865
31;-0.006973;-0.012665;-1.008041
32;-0.006805;-0.012405;-1.007935
33;-0.006912;-0.012711;-1.007767
34;-0.006729;-0.013290;-1.008408
35;-0.006332;-0.012817;-1.007935
36;-0.006622;-0.012543;-1.007263
37;-0.006012;-0.011871;-1.007553
38;-0.004547;-0.011795;-1.010941
39;-0.056107;-0.052673;-1.007751
40;-0.010300;0.012726;-1.016312
41;0.044968;0.045395;-1.013397
42;-0.036652;-0.126755;-1.175354
43;-0.015656;0.029099;-1.271881
44;-0.125870;-0.008881;-1.005859
45;-0.187668;-0.026047;-0.630066
46;-0.078705;-0.077057;-0.655807
47;0.029922;-0.478622;-0.608963
48;-0.169113;0.031677;-0.970047
49;-0.239746;-0.031113;-0.896973
50;-0.196640;0.163879;-1.256866
51;-0.615768;0.091385;-1.407059
52;-0.496902;-0.007431;-1.490265
53;-0.102493;0.071732;-1.029465
54;-0.084213;-0.282257;-0.768616
55;-0.021240;0.007401;-0.806015
56;0.337967;-0.186981;-0.956314
57;0.232880;-0.046570;-0.835251
58;0.289658;-0.197556;-1.021194
59;0.186066;-0.196411;-0.796646
60;0.240463;-0.156189;-0.780121
61;0.338806;-0.087585;-0.985214
62;0.387115;-0.325256;-0.848724
63;0.182236;-0.029541;-1.111084
64;0.159012;-0.029739;-1.068481
65;0.122925;0.141525;-0.895248
66;0.190201;-0.173996;-1.303055
67;0.024841;-0.161057;-1.116501
68;0.147705;-0.218231;-0.804428
69;0.341324;-0.304489;-0.938629
70;0.294754;-0.326660;-1.088181
71;0.107773;-0.167252;-1.048248
72;0.326660;-0.567352;-0.977753
73;0.420578;-0.331558;-0.840378
74;0.262009;-0.427826;-0.800629
75;0.229187;-0.472107;-0.856796
76;0.154343;-0.437866;-0.815689
77;0.213394;-0.506683;-0.879990
78;0.151840;-0.509354;-0.899567
79;0.025284;-0.479660;-0.820587
80;0.031082;-0.627121;-0.725357
81;0.131073;-0.616104;-0.839096
82;0.053009;-0.628357;-0.795395
83;-0.025833;-0.615494;-0.731750
84;0.084961;-0.688583;-0.719162
85;0.048721;-0.670624;-0.696045
86;-0.020828;-0.603989;-0.686447
87;0.058884;-0.710846;-0.681229
88;-0.023148;-0.708649;-0.640427
89;-0.026810;-0.773346;-0.645172
90;0.005997;-0.789749;-0.550064
91;0.004333;-0.803619;-0.552185
92;0.040421;-0.793320;-0.534027
93;-0.026093;-0.817001;-0.559570
94;0.026855;-0.854828;-0.546432
95;-0.083862;-0.835144;-0.520538
96;-0.002930;-0.886932;-0.529770
97;0.074951;-0.913712;-0.365417
98;0.002823;-0.920502;-0.432236
99;0.035721;-0.931992;-0.303558
100;0.057220;-0.937592;-0.346848
101;0.039185;-0.946320;-0.323563
102;0.008820;-0.946838;-0.226990
103;0.046204;-0.967300;-0.252609
104;0.036087;-0.952805;-0.183472
105;0.046829;-0.966660;-0.173782
106;0.035995;-0.969894;-0.111862
107;0.020920;-0.959412;-0.084625
108;0.035507;-0.958008;0.005936
109;0.054825;-0.941849;-0.007843
110;0.036545;-0.927200;0.006561
111;-0.025223;-0.935699;0.024399
112;0.047455;-0.943054;0.040100
113;0.041855;-0.951065;0.003525
114;0.030777;-0.955780;-0.065842
115;-0.005814;-0.994278;-0.020645
116;0.051224;-1.001022;-0.035522
117;0.047745;-1.010300;-0.049194
118;0.029175;-1.007874;-0.054199
119;0.042740;-0.997696;0.009689
120;0.066238;-0.994385;-0.041061
121;0.022598;-0.995346;-0.040024
122;0.009811;-0.996185;-0.028976
123;-0.006683;-1.000198;-0.021637
124;0.015549;-1.008301;-0.031143
125;0.035522;-0.995285;0.033371
126;0.000519;-0.983627;-0.006363
127;0.031464;-0.975540;-0.011230
128;0.031006;-0.976837;0.031052
129;0.014435;-0.978302;0.013046
130;0.009415;-0.978058;0.061646
131;0.019730;-0.969376;0.029846
132;0.002686;-0.969620;0.044495
133;0.015930;-0.963089;0.030685
134;0.015228;-0.954819;0.043793
135;0.010864;-0.946854;0.033081
136;0.054596;-0.936676;-0.024170
137;0.016617;-0.950516;-0.119064
138;0.060822;-0.961884;-0.105072
139;0.032120;-0.962769;-0.148758
140;-0.015991;-0.954544;-0.153214
141;-0.004379;-0.955322;-0.159500
142;-0.007782;-0.929031;-0.172653
143;0.000427;-0.924423;-0.190887
144;0.002823;-0.926880;-0.234558
145;0.068954;-0.919510;-0.232422
146;-0.019455;-0.939743;-0.292511
147;-0.013229;-0.943222;-0.366470
148;-0.025925;-0.936340;-0.439194
149;-0.012848;-0.927261;-0.456100
150;-0.010040;-0.927246;-0.469864
151;-0.021851;-0.944031;-0.503510
152;-0.012726;-0.935104;-0.490829
153;-0.024811;-0.939590;-0.509247
154;-0.019836;-0.924927;-0.497879
155;-0.015625;-0.912888;-0.491592
156;-0.025421;-0.896118;-0.481476
157;0.002228;-0.878662;-0.467575
158;0.002182;-0.867859;-0.441971
159;0.002243;-0.855621;-0.462189
160;-0.015930;-0.850235;-0.463623
161;-0.032166;-0.853333;-0.471466
162;-0.009872;-0.835022;-0.492218
163;-0.000870;-0.840912;-0.544434
164;-0.079483;-0.864594;-0.696503
165;-0.130310;-0.895493;-0.593979
166;-0.035522;-0.945831;-0.395447
167;-0.011093;-0.918091;-0.462738
168;-0.044418;-0.869858;-0.606674
169;-0.053360;-0.868332;-0.562851
170;0.003113;-0.856735;-0.453720
171;0.012634;-0.814941;-0.520752
172;-0.000320;-0.815598;-0.562271
173;-0.026917;-0.800125;-0.652252
174;0.001465;-0.814301;-0.527145
175;-0.006104;-0.841782;-0.533478
176;0.015579;-0.853241;-0.496552
177;-0.038345;-0.818817;-0.593124
178;-0.024002;-0.837387;-0.612473
179;0.029480;-0.817612;-0.539612
180;0.039841;-0.804581;-0.592072
