index;x;y;z
0;0.060349;-0.413086;-0.889709
1;0.037643;-0.432770;-0.751907
2;-0.049103;-0.410934;-0.919800
3;-0.053116;-0.379364;-0.987045
4;0.002930;-0.387756;-0.968643
5;0.016159;-0.390244;-0.923386
6;-0.002869;-0.389816;-0.942444
7;-0.028763;-0.424835;-0.960007
8;-0.022446;-0.447189;-0.942917
9;-0.004776;-0.417084;-0.902451
10;-0.098709;-0.477768;-0.934677
11;-0.127106;-0.537170;-1.154282
12;-0.153534;-0.392120;-0.872086
13;0.012527;-0.946045;-1.004288
14;-0.328018;-0.768066;-1.359467
15;-0.314133;-0.796494;-1.298676
16;-0.337784;-0.781555;-1.237427
17;-0.309509;-0.736923;-0.799194
18;-0.019363;-0.665192;-0.843109
19;0.145020;-0.546783;-0.688766
20;0.210693;-0.460022;-0.400269
21;0.336639;-0.426102;-0.167191
22;0.561356;-0.426773;0.020004
23;0.683380;-0.472839;0.129364
24;0.716339;-0.478592;0.099838
25;0.734802;-0.526413;0.141983
26;0.723618;-0.591934;0.107834
27;0.712036;-0.615036;0.109329
28;0.719864;-0.665497;0.097412
29;0.656876;-0.720703;0.133362
30;0.652817;-0.730026;0.103088
31;0.660599;-0.710831;0.072113
32;0.708725;-0.711227;0.056793
33;0.681183;-0.701004;0.036255
34;0.704132;-0.681091;0.009186
35;0.730392;-0.691986;0.002594
36;0.735504;-0.683914;0.002899
37;0.716537;-0.677063;0.029419
38;0.719711;-0.685913;0.045410
39;0.751389;-0.687454;0.081345
40;0.733231;-0.649521;0.036377
41;0.695435;-0.642792;0.015320
42;0.762131;-0.665802;0.041229
43;0.735703;-0.674057;0.090927
44;0.741455;-0.679047;0.030792
45;0.771362;-0.667328;0.011093
46;0.783051;-0.655716;0.007050
47;0.763367;-0.615952;-0.007324
48;0.794937;-0.592300;-0.031693
49;0.830948;-0.572830;0.018158
50;0.858459;-0.577576;0.035492
51;0.818619;-0.586578;0.027298
52;0.787872;-0.567230;0.026031
53;0.779587;-0.503983;0.060135
54;0.833908;-0.522095;0.031250
55;0.886749;-0.585342;0.059860
56;0.828201;-0.641190;0.116180
57;0.769684;-0.657211;0.142960
58;0.747665;-0.648926;0.072159
59;0.758850;-0.615341;0.104782
60;0.819443;-0.594864;0.080032
61;0.762970;-0.575775;0.055130
62;0.755310;-0.569672;0.054214
63;0.770416;-0.576523;0.079391
64;0.796616;-0.579712;0.042572
65;0.808548;-0.577454;0.036896
66;0.797256;-0.589737;0.096252
67;0.828247;-0.612854;0.099152
68;0.858749;-0.618637;0.058929
69;0.849182;-0.617416;0.062683
70;0.774261;-0.601028;0.064667
71;0.780869;-0.562180;0.007904
72;0.824570;-0.526321;0.050385
73;0.867859;-0.500061;0.087616
74;0.851074;-0.479187;0.065155
75;0.857513;-0.468643;0.074692
76;0.884689;-0.471939;0.049530
77;0.879532;-0.467834;0.025711
78;0.879456;-0.437973;0.047546
79;0.858475;-0.426544;0.019974
80;0.851685;-0.450272;0.029160
81;0.855698;-0.499893;0.157410
82;0.887314;-0.527664;0.216446
83;0.828720;-0.529297;0.185059
84;0.820480;-0.509476;0.112930
85;0.889465;-0.496048;0.026840
86;0.874634;-0.478622;-0.018600
87;0.868149;-0.490814;-0.013748
88;0.884216;-0.514816;-0.012543
89;0.829651;-0.519562;0.006363
90;0.825531;-0.507416;0.057022
91;0.847443;-0.485611;0.009354
92;0.844894;-0.457718;0.032974
93;0.884476;-0.484283;0.068329
94;0.907242;-0.523972;0.085724
95;0.884644;-0.534286;0.048203
96;0.892532;-0.535614;0.031601
97;0.884537;-0.514099;0.008911
98;0.869659;-0.488861;0.000214
99;0.859360;-0.489243;0.004822
100;0.829788;-0.488327;0.066452
101;0.855652;-0.495377;0.071091
102;0.855667;-0.503708;0.053284
103;0.840454;-0.519226;0.023621
104;0.830582;-0.541031;0.012222
105;0.811813;-0.543259;0.010910
106;0.838638;-0.548294;0.025650
107;0.868027;-0.550156;0.012238
108;0.841293;-0.533691;0.001404
109;0.841003;-0.515884;0.009567
110;0.878174;-0.503204;0.002411
111;0.886581;-0.496292;0.014832
112;0.873077;-0.499954;0.014160
113;0.863541;-0.513412;0.033310
114;0.862686;-0.522522;0.031982
115;0.823883;-0.515640;0.009384
116;0.823730;-0.508347;0.017502
117;0.868576;-0.514786;0.007370
118;0.856949;-0.508057;0.004303
119;0.833374;-0.513947;0.013535
120;0.841568;-0.511185;0.045059
121;0.873398;-0.499634;0.015533
122;0.874146;-0.483917;0.009048
123;0.885681;-0.492004;0.019470
124;0.861633;-0.516464;0.009506
125;0.847702;-0.545776;-0.011078
126;0.832108;-0.543106;-0.007736
127;0.825104;-0.503952;0.024429
128;0.879517;-0.476898;-0.015076
129;0.910538;-0.471954;-0.014801
130;0.881943;-0.489853;-0.006760
131;0.839172;-0.527054;0.018295
132;0.837296;-0.543839;0.011490
133;0.832840;-0.540283;0.010956
134;0.837967;-0.520920;0.039581
135;0.861221;-0.509720;0.045303
136;0.886734;-0.492020;0.005264
137;0.854523;-0.465012;0.009857
138;0.861618;-0.457977;0.049377
139;0.912598;-0.485062;0.055405
140;0.915497;-0.512939;0.032364
141;0.848389;-0.562897;0.036469
142;0.768112;-0.628830;-0.011017
143;0.738297;-0.645309;-0.049667
144;0.773056;-0.640930;-0.067200
145;0.787643;-0.657867;-0.120880
146;0.766296;-0.725677;-0.138687
147;0.627548;-0.719559;-0.074554
148;0.660706;-0.626358;-0.118881
149;0.787811;-0.534531;-0.144012
150;0.869217;-0.478439;-0.089676
151;0.905884;-0.471100;-0.013336
152;0.930359;-0.497818;0.025391
153;0.875076;-0.536255;0.028931
154;0.802246;-0.589111;0.044495
155;0.796951;-0.617569;-0.010864
156;0.804535;-0.591187;-0.054718
157;0.820877;-0.546219;-0.065582
158;0.849289;-0.528641;-0.038986
159;0.855133;-0.535980;-0.022369
160;0.834717;-0.527924;-0.019501
161;0.828629;-0.515656;0.014954
162;0.866318;-0.499893;0.056366
163;0.889755;-0.512375;0.046112
164;0.869904;-0.574005;-0.006607
165;0.762802;-0.626495;-0.033737
166;0.684662;-0.644424;-0.009644
167;0.727737;-0.614990;-0.015686
168;0.845657;-0.535126;-0.027359
169;0.921402;-0.456558;0.019302
170;0.989166;-0.411621;0.085800
171;1.078354;-0.372238;0.155334
172;1.038055;-0.357635;0.151276
173;0.909134;-0.478226;0.118393
174;0.664307;-0.641403;0.065979
175;0.436249;-0.753143;0.012863
176;0.489777;-0.774521;-0.082703
177;0.690796;-0.721481;-0.182480
178;0.705658;-0.698151;-0.145660
179;0.648773;-0.698929;-0.082504
180;0.584290;-0.664307;-0.140335
181;0.533890;-0.679367;-0.189240
182;0.480896;-0.696442;-0.222885
183;0.415970;-0.671844;-0.319336
184;0.243088;-0.667404;-0.465103
185;0.145966;-0.676331;-0.586609
186;0.112534;-0.648239;-0.680359
187;0.096024;-0.668442;-0.892365
188;0.182587;-0.693176;-0.824768
189;0.150101;-0.711899;-0.766418
190;0.189850;-0.687408;-0.958328
191;0.122726;-0.728287;-0.827972
192;0.112701;-0.721558;-0.850677
193;0.146042;-0.720123;-0.794144
194;0.116104;-0.724304;-0.827194
195;0.063019;-0.707901;-0.904007
196;0.113281;-0.649261;-0.891968
197;0.144272;-0.679504;-0.825882
198;0.126389;-0.702087;-0.756332
199;0.098373;-0.687424;-0.727783
200;0.112823;-0.676361;-0.789398
201;0.156799;-0.659836;-0.750916
202;0.119446;-0.669083;-0.705200
203;0.136749;-0.668442;-0.692047
204;0.141739;-0.652466;-0.730347
205;0.203445;-0.697540;-0.744385
206;0.162659;-0.677200;-0.662872
207;0.147827;-0.695251;-0.705582
208;0.128983;-0.693726;-0.782425
