index;x;y;z
0;-0.003204;-0.011826;-1.010986
1;-0.006897;-0.011276;-1.008682
2;-0.007141;-0.011536;-1.008179
3;-0.002686;-0.012054;-1.009247
4;-0.007568;-0.012009;-1.009537
5;-0.005783;-0.012344;-1.008698
6;-0.005356;-0.011871;-1.007919
7;-0.005905;-0.012070;-1.009613
8;-0.004395;-0.012192;-1.009796
9;-0.006516;-0.012314;-1.010284
10;-0.006287;-0.014038;-1.014252
11;-0.005692;-0.012558;-1.008362
12;-0.006027;-0.012665;-1.007263
13;-0.003677;-0.011414;-1.007996
14;-0.006516;-0.012375;-1.008911
15;-0.005386;-0.011200;-1.008072
16;-0.004776;-0.011429;-1.008270
17;-0.006042;-0.012070;-1.009842
18;-0.005600;-0.010788;-1.008148
19;-0.005875;-0.011337;-1.008957
20;-0.004501;-0.011902;-1.007126
21;-0.006104;-0.012070;-1.008041
22;-0.005844;-0.012207;-1.009003
23;-0.005493;-0.012329;-1.008377
24;-0.005463;-0.011917;-1.008316
25;-0.005692;-0.012161;-1.009399
26;-0.006012;-0.012192;-1.008575
27;-0.003036;-0.014130;-0.987350
28;-0.005203;-0.012634;-1.012329
29;-0.007278;-0.011871;-1.012436
30;-0.001556;-0.011459;-1.009262
31;-0.008942;-0.011383;-1.009293
32;-0.004883;-0.010818;-1.009598
33;-0.004959;-0.010498;-1.029175
34;-0.010178;-0.011124;-1.004074
35;-0.002686;-0.010941;-1.006287
36;-0.007721;-0.011688;-1.008255
37;-0.005249;-0.011597;-1.010315
38;-0.003784;-0.011322;-1.011520
39;-0.010040;-0.011337;-1.011795
40;-0.001343;-0.011642;-1.007034
41;-0.008728;-0.011108;-1.009323
42;-0.002975;-0.012436;-1.008804
43;-0.006104;-0.013092;-1.012024
44;-0.009232;-0.013718;-1.006516
45;0.000565;-0.012497;-1.006836
46;-0.010834;-0.012787;-1.009872
47;-0.001862;-0.012039;-1.007401
48;-0.004318;-0.012451;-1.008408
49;-0.011536;-0.012833;-1.002380
50;0.001083;-0.012405;-1.009369
51;-0.010910;-0.013351;-1.010025
52;-0.004105;-0.011948;-1.008865
53;-0.003387;-0.011200;-1.016968
54;-0.013123;-0.012985;-1.011948
55;-0.000626;-0.011810;-1.008682
56;-0.005981;-0.012360;-1.008514
57;-0.008621;-0.012573;-1.009598
58;-0.000824;-0.011993;-1.009750
59;-0.008286;-0.011566;-1.009109
60;-0.004822;-0.011337;-1.008133
61;-0.005188;-0.012711;-1.009979
62;-0.007889;-0.011993;-1.008636
63;-0.003632;-0.011963;-1.009567
64;-0.006500;-0.013107;-1.010162
65;-0.004501;-0.011963;-1.008362
66;-0.006317;-0.011765;-1.009476
67;-0.005447;-0.011322;-1.009018
68;-0.004532;-0.012131;-1.009476
69;-0.006653;-0.011627;-1.009125
70;-0.002808;-0.012787;-1.003616
71;-0.006470;-0.011993;-1.008972
72;-0.005096;-0.012711;-1.014267
73;-0.004242;-0.011719;-1.009369
74;-0.007874;-0.012100;-1.010071
75;-0.001862;-0.011719;-1.009369
76;-0.007538;-0.011353;-1.018509
77;-0.008575;-0.011078;-1.012192
78;-0.002884;-0.011932;-1.007629
79;-0.008850;-0.012146;-1.007721
80;-0.003952;-0.011002;-1.009506
81;0.001663;-0.012665;-1.009598
82;-0.012421;-0.011597;-1.002960
83;-0.000854;-0.010529;-1.010696
84;-0.004547;-0.010895;-1.008743
85;-0.009567;-0.012405;-1.008499
86;0.001007;-0.012161;-1.008591
87;-0.008469;-0.011261;-1.007599
88;-0.009018;-0.012329;-1.014481
89;-0.000717;-0.012314;-1.012314
90;-0.009354;-0.012665;-1.008209
91;-0.004593;-0.011948;-1.008438
92;-0.005325;-0.010666;-1.022781
93;-0.010864;-0.011215;-1.013138
94;-0.000565;-0.011612;-1.007843
95;-0.006088;-0.012329;-1.006500
96;-0.008514;-0.011810;-1.008759
97;-0.000488;-0.012253;-1.010315
98;-0.009140;-0.011795;-1.009109
99;-0.003128;-0.012497;-1.009033
100;-0.005478;-0.011551;-1.009262
101;-0.006866;-0.012222;-1.007980
102;-0.003677;-0.012283;-1.008957
103;-0.006989;-0.012955;-1.009506
104;-0.004166;-0.012421;-1.008118
105;-0.007004;-0.012177;-1.008255
106;-0.005478;-0.012146;-1.009460
107;-0.004501;-0.011917;-1.008774
108;-0.006683;-0.013062;-1.009552
109;-0.002670;-0.011246;-1.008881
110;-0.007919;-0.010788;-1.027725
111;-0.005417;-0.011810;-1.008804
112;-0.005142;-0.012726;-1.007477
113;-0.006638;-0.012100;-1.008072
114;-0.004684;-0.011734;-1.010803
115;-0.005280;-0.011826;-0.999435
116;-0.008041;-0.012955;-1.014725
117;-0.004990;-0.011353;-1.009186
118;-0.005402;-0.012146;-1.007034
119;-0.007004;-0.012787;-1.009186
120;-0.001816;-0.011658;-1.009888
121;-0.008728;-0.012924;-1.014923
122;-0.005676;-0.011444;-1.011948
123;-0.003723;-0.011780;-1.007050
124;-0.007324;-0.011093;-1.008347
125;-0.004196;-0.011826;-1.009811
126;-0.005585;-0.011337;-1.009460
127;-0.006470;-0.012009;-1.003433
128;-0.005081;-0.011841;-1.006500
129;-0.005432;-0.011749;-1.010132
130;-0.006897;-0.011688;-1.009552
131;-0.005920;-0.012039;-1.008453
132;-0.003830;-0.011383;-1.009735
133;-0.005447;-0.011993;-0.999466
134;-0.005219;-0.011948;-1.008087
135;-0.004883;-0.012024;-1.011093
136;-0.005600;-0.012695;-1.009857
137;-0.006073;-0.011627;-1.009232
138;-0.003067;-0.011688;-1.008194
139;-0.007263;-0.012344;-1.017471
140;-0.007996;-0.010941;-1.011887
141;-0.003464;-0.011887;-1.009064
142;-0.007523;-0.011703;-1.007843
143;-0.005508;-0.011475;-1.008804
144;-0.004181;-0.011841;-1.003357
145;-0.007935;-0.013046;-1.015045
146;-0.004730;-0.012619;-1.006744
147;-0.003677;-0.012405;-1.008896
148;-0.008591;-0.012695;-1.008102
149;-0.002716;-0.011383;-1.008728
150;-0.004929;-0.012390;-1.017639
151;-0.007645;-0.012299;-1.005493
152;-0.002319;-0.011398;-1.009888
153;-0.006607;-0.011459;-1.010056
154;-0.005966;-0.011429;-1.009857
155;-0.003021;-0.010681;-1.009735
156;-0.008057;-0.012695;-1.004166
157;-0.005539;-0.013046;-1.012482
158;-0.003540;-0.012680;-1.012146
159;-0.008636;-0.012268;-1.009628
160;-0.004395;-0.011292;-1.008057
161;-0.003647;-0.013168;-0.995773
162;-0.008728;-0.012619;-1.009659
163;-0.004288;-0.012268;-1.011765
164;-0.003372;-0.012054;-1.008881
165;-0.008255;-0.012695;-1.008102
166;-0.003967;-0.011978;-1.010406
167;-0.005920;-0.012100;-1.009811
168;-0.005356;-0.012527;-1.008896
169;-0.004654;-0.011856;-1.008820
170;-0.006058;-0.012924;-1.001114
171;-0.005753;-0.012115;-1.012878
172;-0.004166;-0.011597;-1.011734
173;-0.005798;-0.012405;-1.009216
174;-0.006210;-0.012711;-1.009155
175;-0.002487;-0.012115;-1.008881
176;-0.007462;-0.011780;-1.025757
177;-0.005981;-0.012146;-1.007889
178;-0.004929;-0.011642;-1.005859
179;-0.005798;-0.011536;-1.010178
180;-0.006607;-0.012726;-1.010254
181;-0.003983;-0.011887;-1.008331
182;-0.007217;-0.012650;-1.008987
183;-0.005142;-0.011948;-1.013916
184;-0.006485;-0.012299;-1.007217
185;-0.004456;-0.012558;-1.008423
186;-0.006638;-0.012146;-1.009262
187;-0.004547;-0.011963;-1.009735
188;-0.004562;-0.011826;-1.009293
189;-0.006607;-0.011826;-1.009674
190;-0.003464;-0.012344;-0.998459
191;-0.006592;-0.012604;-1.011444
192;-0.004395;-0.011414;-1.011841
193;-0.005981;-0.011414;-1.008865
194;-0.005722;-0.012695;-1.009933
195;-0.003021;-0.011887;-1.009628
196;-0.006210;-0.012604;-1.012466
197;-0.005707;-0.011520;-1.007645
198;-0.005280;-0.011993;-1.010422
199;-0.006195;-0.011490;-1.010910
200;-0.006592;-0.010818;-1.009445
201;-0.004974;-0.010681;-1.008530
202;-0.006180;-0.011642;-0.997742
203;-0.005234;-0.012054;-1.013458
204;-0.004929;-0.012070;-1.010452
205;-0.004990;-0.012695;-1.008652
206;-0.007187;-0.012222;-1.009338
207;-0.004562;-0.011307;-1.009460
208;-0.005341;-0.011520;-1.009460
209;-0.006760;-0.012680;-1.009705
210;-0.004745;-0.012665;-1.009598
211;-0.005890;-0.013000;-1.006653
212;-0.005997;-0.011566;-1.011276
213;-0.004562;-0.011871;-1.008698
214;-0.006805;-0.011642;-1.009003
215;-0.004166;-0.011536;-1.009918
216;-0.005341;-0.012131;-1.009369
217;-0.006531;-0.012482;-1.009369
218;-0.004425;-0.011444;-1.009399
219;-0.007370;-0.011108;-1.011322
220;-0.004196;-0.012115;-1.009277
221;-0.005707;-0.011185;-1.009033
222;-0.005325;-0.011597;-1.009781
223;-0.005478;-0.010895;-1.008087
224;-0.005157;-0.011108;-1.009003
225;-0.005066;-0.012238;-1.010345
226;-0.005920;-0.012207;-1.008820
227;-0.005142;-0.012772;-1.010025
228;-0.005280;-0.012024;-1.010178
229;-0.005798;-0.011871;-1.010361
230;-0.005600;-0.012421;-1.009750
231;-0.005341;-0.012512;-1.009171
232;-0.006027;-0.012604;-1.009766
233;-0.005524;-0.012451;-1.009598
234;-0.005661;-0.011215;-1.009567
235;-0.006180;-0.012161;-1.009521
236;-0.005264;-0.011429;-1.009308
237;-0.006165;-0.011932;-1.009003
238;-0.005432;-0.012238;-1.009308
239;-0.005325;-0.012772;-1.009583
240;-0.005081;-0.012192;-1.008896
241;-0.006561;-0.011932;-1.009659
242;-0.004425;-0.011703;-1.009430
243;-0.006561;-0.011154;-1.009567
244;-0.005356;-0.011703;-1.009918
245;-0.006348;-0.011398;-1.009018
246;-0.004669;-0.011658;-1.009247
247;-0.005524;-0.012238;-1.009293
248;-0.005768;-0.010849;-1.009293
249;-0.006241;-0.011353;-1.009781
250;-0.004105;-0.011505;-1.009689
251;-0.005203;-0.011917;-1.008972
252;-0.007050;-0.011932;-1.009247
253;-0.003632;-0.011948;-1.009949
254;-0.006470;-0.012787;-1.010880
255;-0.005539;-0.012253;-1.009689
256;-0.004852;-0.011429;-1.010681
257;-0.005920;-0.011917;-1.009262
258;-0.005554;-0.011749;-1.008392
259;-0.006485;-0.012253;-1.009750
260;-0.003632;-0.012009;-1.000351
261;-0.005981;-0.011856;-1.017151
262;-0.008011;-0.011734;-1.010605
263;-0.003708;-0.011292;-1.006058
264;-0.006866;-0.012131;-1.009506
265;-0.003967;-0.012970;-1.007599
266;-0.005112;-0.012085;-1.006775
267;-0.007187;-0.011230;-1.010498
268;-0.004684;-0.011429;-1.009094
269;-0.004852;-0.011658;-1.009979
270;-0.005203;-0.011627;-1.006363
271;-0.007416;-0.012131;-1.006607
272;-0.003479;-0.011978;-1.010101
273;-0.005783;-0.011887;-1.010300
274;-0.005554;-0.012329;-1.007675
275;-0.003433;-0.011154;-1.009552
276;-0.006409;-0.012451;-1.007156
277;-0.006592;-0.011414;-1.007950
278;-0.004913;-0.010590;-1.010300
279;-0.006241;-0.011337;-1.009644
280;-0.005356;-0.010986;-1.008316
281;-0.004196;-0.011963;-1.008911
282;-0.006500;-0.012344;-1.009583
283;-0.004761;-0.011292;-1.009537
284;-0.006226;-0.012085;-1.009506
285;-0.005569;-0.011536;-1.009781
286;-0.003113;-0.011139;-1.008865
287;-0.006821;-0.010925;-1.008804
288;-0.004578;-0.011795;-1.009399
289;-0.006317;-0.011703;-1.009583
290;-0.005585;-0.011932;-1.008194
291;-0.004135;-0.013702;-1.017700
