index;x;y;z
0;-0.006088;-0.012787;-1.010071
1;-0.004074;-0.011841;-1.007828
2;-0.007751;-0.012878;-1.009201
3;-0.003220;-0.011612;-1.008331
4;-0.007004;-0.011810;-1.008514
5;-0.005264;-0.011581;-1.009262
6;-0.005310;-0.012177;-1.007996
7;-0.005875;-0.011734;-1.008606
8;-0.004364;-0.011200;-1.007950
9;-0.006470;-0.011719;-1.008942
10;-0.005142;-0.011261;-1.008087
11;-0.004959;-0.011520;-1.008850
12;-0.005997;-0.011490;-1.009308
13;-0.005676;-0.011353;-1.010391
14;-0.005295;-0.011276;-1.008865
15;-0.006561;-0.012695;-1.010391
16;-0.004700;-0.011353;-1.008255
17;-0.005859;-0.011780;-1.007950
18;-0.005173;-0.011459;-1.007339
19;-0.004349;-0.011337;-1.008621
20;-0.005920;-0.012558;-1.007629
21;-0.004440;-0.011826;-1.008850
22;-0.004807;-0.012024;-1.008453
23;-0.005890;-0.011627;-1.008530
24;-0.005753;-0.011337;-1.008987
25;-0.004959;-0.012253;-1.009201
26;-0.005341;-0.012131;-1.008453
27;-0.005219;-0.012299;-1.007645
28;-0.005310;-0.011627;-1.008652
29;-0.005844;-0.012177;-1.008026
30;-0.004776;-0.011627;-1.009247
31;-0.005798;-0.012085;-1.009140
32;-0.004776;-0.011932;-1.008850
33;-0.005707;-0.012558;-1.007507
34;-0.005371;-0.012146;-1.008865
35;-0.004868;-0.012131;-1.008926
36;-0.005692;-0.011948;-1.009140
37;-0.005386;-0.011475;-1.009247
38;-0.006317;-0.011810;-1.008286
39;-0.004730;-0.011902;-1.008560
40;-0.005554;-0.011520;-1.009613
41;-0.005600;-0.012329;-1.008301
42;-0.005890;-0.012360;-1.008896
43;-0.004639;-0.011200;-1.009109
44;-0.004379;-0.011551;-1.001633
45;-0.006912;-0.011078;-1.017044
46;-0.004456;-0.012054;-1.010666
47;-0.005661;-0.011963;-1.005814
48;-0.005478;-0.011871;-1.007843
49;-0.005051;-0.011703;-0.997177
50;-0.006226;-0.011917;-1.020126
51;-0.003403;-0.011642;-1.010239
52;-0.007690;-0.011429;-1.005600
53;-0.004288;-0.011978;-1.007050
54;-0.005920;-0.011444;-0.988144
55;-0.007339;-0.012146;-1.022202
56;-0.003189;-0.011169;-1.011856
57;-0.007202;-0.012222;-1.005325
58;-0.004761;-0.011566;-1.006760
59;-0.004837;-0.011566;-1.009537
60;-0.005981;-0.010941;-1.009933
61;-0.004929;-0.011810;-1.008759
62;-0.005814;-0.012085;-1.008911
63;-0.004974;-0.011871;-1.008957
64;-0.005707;-0.011719;-1.007904
65;-0.005280;-0.012054;-1.007950
66;-0.005707;-0.011856;-1.009338
67;-0.005508;-0.011139;-1.008408
68;-0.005722;-0.011520;-1.009644
69;-0.005203;-0.011307;-1.009720
70;-0.004425;-0.011902;-0.991882
71;-0.006546;-0.011658;-1.017120
72;-0.004517;-0.011612;-1.012421
73;-0.005844;-0.011398;-1.006577
74;-0.005249;-0.011566;-1.008163
75;-0.004761;-0.011642;-1.008743
76;-0.005814;-0.011017;-1.004959
77;-0.003998;-0.012192;-1.010239
78;-0.006500;-0.012375;-1.011429
79;-0.004776;-0.011871;-1.008820
80;-0.003662;-0.011734;-0.981995
81;-0.007111;-0.012253;-1.015503
82;-0.004425;-0.011047;-1.012817
83;-0.004364;-0.011414;-1.008392
84;-0.006302;-0.011719;-1.006683
85;-0.004807;-0.011978;-1.008209
86;-0.005463;-0.011917;-1.009705
87;-0.005157;-0.011810;-1.009048
88;-0.005630;-0.012238;-1.008621
89;-0.005600;-0.010788;-1.008957
90;-0.005630;-0.011856;-1.008514
91;-0.005005;-0.011047;-1.008423
92;-0.005905;-0.011795;-1.008575
93;-0.005386;-0.011856;-1.008636
94;-0.004501;-0.011810;-1.009537
95;-0.004745;-0.011810;-0.999985
96;-0.005249;-0.012512;-1.006760
97;-0.004669;-0.012512;-1.013245
98;-0.006332;-0.012070;-1.010056
99;-0.004272;-0.012497;-1.007935
100;-0.007187;-0.011612;-1.025864
101;-0.004959;-0.012131;-1.007584
102;-0.006058;-0.012909;-1.007858
103;-0.006393;-0.012360;-1.008179
104;-0.004669;-0.011566;-1.009155
105;-0.006180;-0.012848;-1.014252
106;-0.004684;-0.012100;-1.012115
107;-0.006058;-0.011978;-1.008591
108;-0.005142;-0.011414;-1.007126
109;-0.003738;-0.013153;-0.983261
110;-0.007126;-0.012634;-1.015533
111;-0.004166;-0.012558;-1.010101
112;-0.005096;-0.011368;-1.007935
113;-0.006775;-0.012039;-1.007538
114;-0.004135;-0.011108;-1.009720
115;-0.005722;-0.011673;-1.008835
116;-0.004990;-0.012146;-1.009552
117;-0.005325;-0.011047;-1.009537
118;-0.006058;-0.011765;-1.009705
119;-0.004913;-0.011551;-1.009842
120;-0.005539;-0.011856;-1.009277
121;-0.005188;-0.012711;-1.009369
122;-0.005371;-0.012146;-1.010101
123;-0.005035;-0.011627;-1.008987
124;-0.006683;-0.012314;-1.009644
125;-0.004913;-0.011642;-1.008224
126;-0.005295;-0.011902;-1.009460
127;-0.005951;-0.011078;-1.022507
128;-0.006271;-0.012131;-1.011887
129;-0.004669;-0.012604;-1.006516
130;-0.005646;-0.011337;-1.007370
131;-0.005768;-0.011948;-1.010132
132;-0.006180;-0.009842;-1.027969
133;-0.005585;-0.012222;-1.002762
134;-0.005981;-0.011642;-1.007721
135;-0.006470;-0.011597;-1.009796
136;-0.004333;-0.011459;-1.009979
137;-0.006302;-0.009048;-1.025497
138;-0.005875;-0.012436;-1.007584
139;-0.003967;-0.011703;-1.005814
140;-0.005249;-0.011871;-1.008713
141;-0.005096;-0.011688;-1.009079
142;-0.004990;-0.012238;-1.002792
143;-0.006241;-0.012787;-1.006302
144;-0.004898;-0.011703;-1.012848
145;-0.006790;-0.012222;-1.009933
146;-0.004410;-0.011734;-1.007721
147;-0.005249;-0.012314;-1.008301
148;-0.006012;-0.012192;-1.002304
149;-0.003510;-0.010956;-1.009644
150;-0.006622;-0.011948;-1.011444
151;-0.004395;-0.011581;-1.008804
152;-0.004471;-0.011475;-1.004608
153;-0.007141;-0.011490;-1.004364
154;-0.004349;-0.011703;-1.012436
155;-0.007095;-0.012558;-1.009613
156;-0.003922;-0.011093;-1.008560
157;-0.004364;-0.008942;-1.030930
158;-0.005402;-0.011276;-1.004364
159;-0.005341;-0.011139;-1.008530
160;-0.005341;-0.011078;-1.009293
161;-0.005737;-0.011505;-1.009811
162;-0.004303;-0.011826;-1.007553
163;-0.006958;-0.012619;-1.014053
164;-0.005722;-0.011658;-1.004242
165;-0.005096;-0.012390;-1.007996
166;-0.006622;-0.011978;-1.010818
167;-0.004379;-0.011353;-1.010040
168;-0.006912;-0.012192;-1.009125
169;-0.005005;-0.012070;-1.008835
170;-0.005234;-0.011642;-1.009521
171;-0.005981;-0.012466;-1.009628
172;-0.005386;-0.011383;-1.009827
173;-0.005432;-0.011292;-1.009720
174;-0.004593;-0.011307;-1.008896
175;-0.005463;-0.011902;-1.010208
176;-0.004959;-0.012085;-1.008942
177;-0.004257;-0.011765;-1.009079
178;-0.005661;-0.011932;-1.008591
179;-0.004898;-0.011887;-0.999802
180;-0.006775;-0.011810;-1.018463
181;-0.004669;-0.011322;-1.010559
182;-0.005386;-0.010880;-1.004684
183;-0.005753;-0.011307;-1.008591
184;-0.004044;-0.011215;-1.009766
185;-0.006393;-0.011398;-1.011978
186;-0.006027;-0.011459;-1.000809
187;-0.004990;-0.011612;-1.007919
188;-0.006073;-0.012177;-1.011383
189;-0.004089;-0.011612;-1.009811
190;-0.004807;-0.012344;-1.004364
191;-0.007141;-0.012375;-1.008591
192;-0.005371;-0.011520;-1.011246
193;-0.005966;-0.011230;-1.008911
194;-0.004288;-0.010498;-1.008347
195;-0.006226;-0.012039;-1.012405
196;-0.006149;-0.013077;-1.000504
197;-0.003983;-0.012222;-1.008682
198;-0.007812;-0.012207;-1.009659
199;-0.003418;-0.011429;-1.009827
200;-0.002808;-0.012512;-1.015152
201;-0.006424;-0.010300;-1.005997
202;-0.004822;-0.010376;-1.011230
203;-0.005096;-0.011292;-1.010117
204;-0.007095;-0.011215;-1.010605
205;-0.004517;-0.011658;-1.008743
206;-0.004974;-0.011673;-1.007828
207;-0.006393;-0.011139;-1.009995
208;-0.004089;-0.010986;-1.009262
209;-0.005295;-0.010712;-1.010147
210;-0.005508;-0.011658;-1.008316
211;-0.004715;-0.010635;-1.009094
212;-0.006195;-0.012070;-1.009048
213;-0.005051;-0.011490;-1.009369
214;-0.004852;-0.011353;-1.008087
215;-0.005478;-0.011551;-1.007996
216;-0.006363;-0.011154;-1.009491
217;-0.006271;-0.011871;-1.024979
218;-0.006363;-0.011230;-1.003708
