index;x;y;z
0;-0.001495;-0.012115;-1.005569
1;-0.003189;-0.013000;-1.009079
2;-0.002304;-0.012329;-1.009323
3;-0.002274;-0.012436;-1.008118
4;-0.003021;-0.012726;-1.007965
5;-0.001190;-0.012634;-1.009705
6;-0.003265;-0.012421;-1.009857
7;-0.001694;-0.012650;-1.008392
8;0.000168;-0.010712;-1.042709
9;-0.000137;-0.011292;-0.996338
10;-0.005707;-0.013351;-1.004715
11;-0.000412;-0.012543;-1.014252
12;-0.003326;-0.013382;-1.007706
13;-0.001480;-0.013275;-1.018906
14;0.003113;-0.011154;-1.007965
15;-0.007507;-0.014771;-1.002502
16;0.000702;-0.010757;-1.009842
17;-0.008347;-0.011414;-1.018890
18;-0.001022;-0.012772;-1.005020
19;-0.001801;-0.012115;-1.008789
20;-0.004303;-0.013351;-1.009003
21;-0.005844;-0.013809;-0.977051
22;-0.001846;-0.011536;-1.048798
23;-0.003098;-0.012421;-1.006775
24;-0.002548;-0.011673;-0.997543
25;-0.002090;-0.013031;-1.015900
26;-0.007645;-0.011520;-1.033020
27;0.001862;-0.010040;-1.003265
28;-0.006744;-0.012817;-1.024765
29;-0.000031;-0.010941;-0.998856
30;-0.003876;-0.011780;-1.007385
31;-0.005814;-0.011566;-1.039383
32;0.004471;-0.009750;-1.016220
33;-0.008957;-0.014023;-1.011169
34;0.000534;-0.010010;-1.015900
35;-0.003967;-0.011490;-1.003342
36;-0.003479;-0.014847;-0.992310
37;0.001801;-0.012177;-1.012955
38;-0.008453;-0.015640;-1.016495
39;0.002823;-0.009964;-0.998810
40;-0.011917;-0.017014;-0.969421
41;0.002747;-0.010788;-1.034897
42;-0.004211;-0.012589;-0.983688
43;-0.004272;-0.013138;-1.018906
44;0.001007;-0.010895;-1.007065
45;-0.006241;-0.013550;-1.005463
46;0.000580;-0.012207;-1.012085
47;-0.004715;-0.013641;-0.988663
48;-0.003250;-0.014160;-1.000641
49;-0.000519;-0.012573;-1.020981
50;-0.005630;-0.014069;-1.004990
51;0.001007;-0.012283;-1.009003
52;-0.004669;-0.015564;-0.965576
53;-0.003647;-0.013016;-1.031128
54;-0.000351;-0.012238;-1.007355
55;-0.005112;-0.013870;-1.001068
56;-0.000656;-0.012772;-1.007538
57;-0.002289;-0.010681;-1.026566
58;-0.006256;-0.014572;-1.003845
59;0.001266;-0.011932;-1.015442
60;-0.004639;-0.010498;-1.056320
61;0.003174;-0.008652;-0.994003
62;-0.005371;-0.012375;-1.001724
63;-0.001541;-0.012299;-1.012146
64;0.000381;-0.010971;-1.011368
65;-0.007401;-0.011002;-1.040375
66;0.009018;-0.012131;-0.996918
67;-0.010406;-0.013779;-1.033524
68;0.000778;-0.010468;-1.013458
69;-0.002655;-0.011520;-0.998779
70;-0.015427;-0.016251;-0.984131
71;0.007339;-0.006821;-1.064301
72;-0.013260;-0.014740;-0.997604
73;0.004013;-0.008972;-1.001923
74;-0.004837;-0.013382;-1.012772
75;-0.011520;-0.015762;-0.966461
76;0.006134;-0.009003;-1.033142
77;-0.011368;-0.014297;-1.008301
78;0.006577;-0.008575;-1.002441
79;-0.010880;-0.015808;-1.010620
80;0.001007;-0.010468;-1.030838
81;-0.002121;-0.013138;-0.997940
82;-0.005264;-0.013992;-1.007172
83;0.002792;-0.010696;-1.013168
84;-0.008102;-0.014709;-1.002808
85;0.001251;-0.011215;-1.008347
86;-0.004456;-0.012894;-1.013412
87;-0.001419;-0.013031;-1.008438
88;-0.001328;-0.011688;-1.003983
89;-0.006332;-0.013641;-1.007050
90;0.000809;-0.011459;-1.011017
91;-0.005936;-0.014740;-0.994690
92;-0.000900;-0.011093;-1.011993
93;-0.004318;-0.011673;-1.005890
94;-0.001480;-0.011826;-1.009857
95;-0.004303;-0.011520;-1.034912
96;-0.002350;-0.012985;-1.001724
97;-0.000870;-0.013107;-1.011505
98;-0.003311;-0.012543;-1.010330
99;-0.003769;-0.011856;-1.023392
100;-0.003952;-0.014053;-1.003250
101;0.000381;-0.011826;-1.001297
102;-0.003815;-0.012909;-1.011978
103;-0.002884;-0.013641;-1.007675
104;-0.000275;-0.014389;-1.010742
105;-0.002060;-0.012863;-1.010193
106;0.000381;-0.013153;-1.022568
107;-0.000427;-0.013046;-1.014969
108;-0.005112;-0.014694;-1.002457
109;0.000458;-0.011139;-1.011200
110;-0.004257;-0.013596;-1.005249
111;0.000702;-0.011322;-1.001556
112;-0.007965;-0.014297;-1.001755
113;-0.002563;-0.014069;-1.018524
114;0.000992;-0.011032;-1.007462
115;-0.017517;-0.016617;-0.976425
116;0.007965;-0.008209;-1.030838
117;-0.011093;-0.014633;-1.011215
118;-0.000366;-0.012985;-1.007248
119;0.000122;-0.011292;-1.007568
120;-0.012833;-0.014160;-1.012375
121;0.005829;-0.009048;-1.018295
122;-0.011536;-0.016068;-1.013458
123;0.004776;-0.011093;-0.998199
124;-0.004364;-0.012390;-1.008881
125;-0.001343;-0.018631;-0.995575
126;0.004425;-0.010025;-1.030273
127;-0.012955;-0.015564;-0.995102
128;0.006836;-0.007416;-1.011292
129;-0.010468;-0.015228;-1.013596
130;-0.000351;-0.011780;-1.013718
131;-0.003006;-0.014084;-1.006424
132;-0.006149;-0.015854;-1.014969
133;0.005280;-0.009338;-1.005569
134;-0.011032;-0.016647;-1.009293
135;0.004150;-0.009750;-0.992950
136;-0.008194;-0.017075;-1.014206
137;-0.002411;-0.012787;-1.001907
138;0.001328;-0.010178;-1.005051
139;-0.008072;-0.015106;-1.015472
140;0.002335;-0.012054;-0.970779
141;-0.008209;-0.016220;-1.017273
142;-0.000778;-0.012192;-1.014694
143;-0.001099;-0.012436;-1.000793
144;-0.000870;-0.016922;-1.033813
145;0.004257;-0.011078;-1.050430
146;-0.002151;-0.013489;-1.008102
147;-0.002991;-0.012482;-0.995193
148;-0.001175;-0.011276;-1.014542
149;-0.007690;-0.012543;-1.042084
150;-0.001328;-0.011795;-0.998291
151;-0.000839;-0.010361;-1.007584
152;-0.003876;-0.012466;-1.019211
153;-0.000351;-0.012253;-1.007599
154;-0.004395;-0.013214;-1.006454
155;-0.003540;-0.009171;-1.039841
156;-0.003799;-0.013214;-1.000107
157;-0.001434;-0.012222;-1.005386
158;-0.001740;-0.012344;-1.012985
159;-0.003815;-0.012863;-1.005264
160;-0.002579;-0.012131;-1.009354
161;-0.001343;-0.012360;-1.007370
162;-0.003677;-0.010483;-1.003311
163;-0.001465;-0.012665;-1.029434
164;-0.001633;-0.011887;-1.003983
165;-0.003632;-0.012863;-1.007416
166;-0.000824;-0.011948;-1.011368
167;-0.004562;-0.011688;-1.020874
168;-0.001404;-0.011734;-1.002838
169;-0.003098;-0.015823;-1.017303
170;-0.001282;-0.012741;-1.007416
171;-0.004166;-0.014221;-1.008011
172;-0.000443;-0.012192;-1.011444
173;-0.003830;-0.012634;-1.010574
174;-0.003006;-0.013382;-1.009186
175;-0.008469;-0.012665;-0.991898
176;-0.000244;-0.011703;-1.022385
177;-0.004303;-0.011017;-1.010971
178;-0.003143;-0.012100;-1.004135
179;-0.000671;-0.010681;-1.010651
180;-0.003815;-0.012329;-1.011612
181;-0.000534;-0.011368;-1.008011
182;-0.004623;-0.013474;-1.009583
183;-0.001801;-0.011963;-1.009384
184;-0.002563;-0.012573;-1.009705
185;-0.002396;-0.013321;-1.008698
186;-0.001633;-0.011978;-1.009979
187;-0.003906;-0.013504;-1.009628
188;-0.001999;-0.011734;-1.008347
189;-0.002243;-0.013092;-1.010254
190;-0.002350;-0.012695;-1.010010
191;-0.002808;-0.012955;-1.009064
192;-0.002304;-0.012695;-1.010300
193;-0.002472;-0.012451;-1.010345
194;-0.002457;-0.012466;-1.009949
195;-0.002441;-0.012146;-1.010559
196;-0.002853;-0.011841;-1.024384
197;-0.003448;-0.012405;-1.005325
