index;x;y;z
0;-0.003418;-0.012314;-1.008896
1;-0.007065;-0.011856;-1.008423
2;-0.004822;-0.012741;-1.008591
3;-0.005905;-0.012085;-1.009781
4;-0.006561;-0.011856;-1.009491
5;-0.003174;-0.011063;-1.009293
6;-0.008286;-0.012741;-1.008972
7;-0.004654;-0.012253;-1.008575
8;-0.006500;-0.011856;-1.009354
9;-0.006073;-0.012161;-1.008881
10;-0.004013;-0.012238;-1.009247
11;-0.006393;-0.012299;-1.008743
12;-0.004105;-0.011414;-1.007828
13;-0.007019;-0.012512;-1.008148
14;-0.004776;-0.011887;-1.008377
15;-0.005997;-0.012360;-1.009735
16;-0.005005;-0.011703;-1.009079
17;-0.004776;-0.012741;-1.009232
18;-0.006241;-0.011414;-1.009415
19;-0.004776;-0.011810;-1.008286
20;-0.006073;-0.011444;-1.008209
21;-0.005661;-0.011185;-1.009048
22;-0.005447;-0.011993;-1.008530
23;-0.006042;-0.011948;-1.008163
24;-0.005493;-0.012314;-1.008286
25;-0.006210;-0.012375;-1.009445
26;-0.005356;-0.011612;-1.008316
27;-0.005310;-0.011734;-1.008560
28;-0.005676;-0.012543;-1.008789
29;-0.007019;-0.012085;-1.009644
30;-0.004562;-0.011337;-1.007858
31;-0.006210;-0.011322;-1.009796
32;-0.005325;-0.011505;-1.008575
33;-0.006363;-0.011749;-1.014938
34;-0.008545;-0.012009;-0.999741
35;-0.003006;-0.010864;-1.007278
36;-0.006775;-0.013031;-1.010696
37;-0.006485;-0.011627;-1.009247
38;-0.002396;-0.011566;-0.999329
39;-0.009308;-0.013260;-1.008499
40;-0.003189;-0.010925;-1.011948
41;-0.006775;-0.012726;-1.010437
42;-0.004425;-0.011765;-1.007309
43;-0.006500;-0.013000;-1.013519
44;-0.007492;-0.012680;-1.007370
45;-0.002228;-0.012192;-1.007233
46;-0.008392;-0.011932;-1.010300
47;-0.003418;-0.012756;-1.009842
48;-0.005066;-0.013443;-1.006042
49;-0.006653;-0.012604;-1.013641
50;-0.003281;-0.012054;-1.009445
51;-0.008942;-0.012878;-1.008850
52;-0.001404;-0.011597;-1.008438
53;-0.008484;-0.014053;-1.009903
54;-0.007172;-0.012955;-1.006592
55;-0.003113;-0.011536;-1.010193
56;-0.009155;-0.012238;-1.010071
57;-0.001511;-0.011734;-1.008682
58;-0.007996;-0.013306;-1.013367
59;-0.007736;-0.013412;-1.004181
60;-0.001022;-0.011215;-1.008011
61;-0.009995;-0.012787;-1.011276
62;0.000778;-0.012985;-0.988388
63;-0.006500;-0.012299;-1.008102
64;-0.007874;-0.012772;-1.017517
65;0.000137;-0.011734;-1.007660
66;-0.010818;-0.010590;-1.006638
67;0.001816;-0.012497;-1.010025
68;-0.007568;-0.010986;-1.001572
69;-0.008041;-0.012726;-1.013931
70;0.000183;-0.011597;-1.010880
71;-0.011566;-0.011398;-1.007095
72;0.003540;-0.012100;-1.006378
73;-0.009354;-0.011307;-1.004684
74;-0.007980;-0.010971;-1.011459
75;-0.000504;-0.010590;-1.009918
76;-0.011810;-0.011383;-1.008484
77;-0.001404;-0.010239;-1.015320
78;-0.008545;-0.011246;-1.011337
79;-0.005005;-0.011810;-1.011337
80;-0.002213;-0.011780;-1.007721
81;-0.012970;-0.012634;-1.007965
82;0.005615;-0.011444;-1.029510
83;-0.009781;-0.010330;-1.005707
84;-0.010147;-0.010529;-1.007431
85;0.004562;-0.010056;-1.009445
86;-0.014603;-0.012131;-1.008240
87;-0.001511;-0.010284;-1.009018
88;-0.000961;-0.009644;-1.025635
89;-0.016129;-0.011108;-1.007370
90;0.000793;-0.011398;-1.009140
91;-0.004684;-0.012009;-1.008789
92;-0.012482;-0.012405;-1.009033
93;0.006897;-0.013046;-1.001160
94;-0.012085;-0.010681;-1.007919
95;-0.006775;-0.010544;-1.012955
96;0.002457;-0.009979;-1.008438
97;-0.014771;-0.012360;-1.008194
98;0.000549;-0.011368;-1.009232
99;-0.004379;-0.013367;-1.010864
100;-0.013748;-0.012436;-1.004044
101;0.004929;-0.012695;-1.008743
102;-0.009445;-0.011871;-1.009430
103;-0.006805;-0.011795;-1.009430
104;0.000229;-0.011032;-1.007782
105;-0.011627;-0.012329;-1.009171
106;-0.002121;-0.011688;-1.009674
107;-0.004654;-0.012848;-1.009491
108;-0.009491;-0.013168;-1.003632
109;-0.001556;-0.012543;-1.010849
110;-0.007843;-0.012924;-1.010071
111;-0.006714;-0.012146;-1.008270
112;-0.001923;-0.009781;-1.008575
113;-0.009338;-0.012558;-1.017258
114;-0.006180;-0.012115;-1.004990
115;-0.002457;-0.011292;-1.006882
116;-0.008713;-0.012100;-1.011047
117;-0.002975;-0.011078;-1.010162
118;-0.002655;-0.012009;-1.016006
119;-0.008392;-0.010406;-1.006912
120;-0.002640;-0.010818;-1.013840
121;-0.006073;-0.011368;-1.009872
122;-0.006790;-0.011673;-1.007278
123;-0.003143;-0.010803;-1.009399
124;-0.007736;-0.011887;-1.008896
125;-0.004929;-0.010681;-1.010422
126;-0.003357;-0.011200;-1.010437
127;-0.008240;-0.011948;-1.009705
128;-0.004227;-0.011154;-1.008881
129;-0.006470;-0.011322;-1.008957
130;-0.004791;-0.011642;-1.008987
131;-0.004318;-0.012115;-1.007523
132;-0.007324;-0.012695;-1.013809
133;-0.003876;-0.011475;-1.007751
134;-0.006500;-0.011597;-1.006989
135;-0.006042;-0.011780;-1.009003
136;-0.003754;-0.011597;-1.007507
137;-0.007965;-0.012299;-1.016312
138;-0.005447;-0.012100;-1.005600
139;-0.005341;-0.012558;-1.006317
140;-0.005432;-0.011627;-1.010223
141;-0.002121;-0.011749;-1.016266
142;-0.008545;-0.011566;-1.002167
143;-0.003906;-0.011169;-1.014313
144;-0.003525;-0.011398;-1.010605
145;-0.008377;-0.012039;-1.008362
146;-0.002792;-0.012131;-1.009323
147;-0.007004;-0.011581;-1.009125
148;-0.005814;-0.012650;-1.010818
149;-0.004303;-0.010803;-1.008926
150;-0.006943;-0.012268;-1.009033
151;-0.004395;-0.011581;-1.008881
152;-0.005661;-0.011719;-1.009857
153;-0.007812;-0.008804;-1.029312
154;-0.004974;-0.011932;-1.002502
155;-0.005432;-0.011490;-1.004578
156;-0.006332;-0.011978;-1.009811
157;-0.004837;-0.012619;-1.011429
158;-0.007095;-0.008774;-1.027527
159;-0.006943;-0.012314;-1.001297
160;-0.003967;-0.011322;-1.004623
161;-0.007874;-0.011703;-1.009583
162;-0.003433;-0.012360;-1.001221
163;-0.008392;-0.013275;-1.022476
164;-0.005478;-0.011215;-1.006790
165;-0.003815;-0.010971;-1.006393
166;-0.008774;-0.011200;-1.009674
167;-0.003830;-0.011475;-1.010391
168;-0.005219;-0.011627;-1.009949
169;-0.007126;-0.011627;-1.008804
170;-0.003754;-0.012054;-1.008896
171;-0.006165;-0.010941;-1.009354
172;-0.005753;-0.012039;-1.001740
173;-0.006027;-0.012695;-1.020782
174;-0.005035;-0.012115;-1.006241
175;-0.004440;-0.011993;-1.005936
176;-0.007126;-0.012787;-1.009644
177;-0.003784;-0.012009;-1.009827
178;-0.005005;-0.012039;-1.003891
179;-0.007828;-0.013535;-1.002502
180;-0.003448;-0.012070;-1.011871
181;-0.007172;-0.012405;-1.010101
182;-0.004669;-0.011459;-1.007111
183;-0.004974;-0.012146;-1.006393
184;-0.007401;-0.011536;-1.010300
185;-0.003326;-0.011810;-1.011597
186;-0.007004;-0.011719;-1.009903
187;-0.005020;-0.011017;-1.001907
188;-0.004837;-0.011429;-1.013824
189;-0.007370;-0.011490;-1.006607
190;-0.002411;-0.011642;-1.009171
191;-0.007675;-0.011459;-1.010010
192;-0.005142;-0.013336;-0.986359
193;-0.006348;-0.012009;-1.016708
194;-0.006378;-0.011887;-1.010757
195;-0.004349;-0.010727;-1.006958
196;-0.006638;-0.011963;-1.008224
197;-0.005508;-0.011353;-1.016861
198;-0.008942;-0.012238;-1.011536
199;-0.003662;-0.011520;-1.008499
200;-0.006195;-0.011566;-1.007126
201;-0.007935;-0.011612;-1.008987
202;-0.003983;-0.008408;-1.034775
203;-0.010620;-0.011658;-1.006577
204;-0.002991;-0.010437;-1.005600
205;-0.004562;-0.010376;-1.009705
206;-0.008896;-0.012238;-1.012344
207;0.002747;-0.013351;-1.015915
208;-0.008804;-0.011398;-1.004715
209;-0.003723;-0.011658;-1.015961
210;-0.005173;-0.011871;-1.007599
211;-0.008575;-0.012421;-1.008545
212;-0.002106;-0.016754;-0.970490
213;-0.006470;-0.012009;-1.015366
214;-0.007202;-0.011841;-1.011963
215;-0.002487;-0.011383;-1.006317
216;-0.008972;-0.012299;-1.008286
217;-0.003448;-0.017166;-0.979050
218;-0.005066;-0.011963;-1.008194
219;-0.008453;-0.011627;-1.012146
220;-0.000504;-0.011032;-1.008820
221;-0.010040;-0.011581;-0.992447
222;-0.003738;-0.011322;-1.003723
223;-0.005600;-0.010880;-1.009369
224;-0.007645;-0.010788;-1.010468
225;-0.002396;-0.011185;-1.009308
226;-0.008774;-0.013062;-1.010330
227;-0.002838;-0.011063;-1.007950
228;-0.005539;-0.012070;-1.008911
229;-0.006744;-0.012009;-1.010956
230;-0.003906;-0.011108;-1.009888
231;-0.006271;-0.011185;-1.009811
232;-0.004669;-0.011368;-1.010239
233;-0.006729;-0.011902;-1.008926
234;-0.005081;-0.012268;-1.009338
235;-0.005417;-0.011765;-1.009705
236;-0.006042;-0.011841;-1.010147
237;-0.005569;-0.011734;-1.009949
238;-0.004715;-0.011185;-1.009888
239;-0.004425;-0.012543;-1.010056
240;-0.005402;-0.012634;-1.010376
241;-0.004807;-0.011124;-1.009262
242;-0.005188;-0.012375;-1.009140
243;-0.005310;-0.012146;-1.009430
244;-0.006866;-0.010895;-1.009476
245;-0.004654;-0.011230;-1.009262
246;-0.004822;-0.011551;-1.009232
247;-0.006851;-0.011856;-1.009583
248;-0.004929;-0.011719;-1.010132
249;-0.005676;-0.012100;-1.010010
250;-0.005829;-0.012115;-1.009628
251;-0.005325;-0.011246;-1.009720
252;-0.005554;-0.011414;-1.010025
253;-0.005554;-0.011719;-1.009537
254;-0.005798;-0.011398;-1.010498
255;-0.005341;-0.010757;-1.009354
256;-0.005341;-0.011948;-1.008606
257;-0.006348;-0.013458;-1.011490
258;-0.005463;-0.011795;-1.004166
