index;x;y;z
0;0.098953;-0.690765;-0.724686
1;-0.006180;-0.678009;-0.640976
2;-0.054092;-0.709732;-0.610855
3;-0.019241;-0.634399;-0.549286
4;-0.030869;-0.559204;-0.731964
5;-0.046677;-0.504898;-1.189209
6;-0.024094;-0.442078;-1.196640
7;0.018539;-0.421021;-1.078384
8;0.061508;-0.566132;-0.979675
9;-0.036606;-0.579330;-1.309509
10;0.031311;-0.613327;-1.111755
11;0.058350;-0.553833;-1.005768
12;0.094467;-0.613831;-0.999359
13;-0.196640;-0.813095;-1.119553
14;-0.123642;-0.833282;-0.930527
15;0.066956;-0.748215;-0.683609
16;0.127304;-0.737061;-0.511536
17;0.136383;-0.674530;-0.492401
18;0.318405;-0.580826;-0.101440
19;0.532425;-0.512421;-0.044922
20;0.555389;-0.565109;0.051651
21;0.381470;-0.574402;0.075226
22;0.586746;-0.584259;0.138382
23;0.532349;-0.613937;0.171951
24;0.608322;-0.698959;0.276779
25;0.678711;-0.756729;0.047424
26;0.536957;-0.754791;0.058975
27;0.729980;-0.775146;0.184738
28;0.712494;-0.761032;0.248535
29;0.645905;-0.798660;0.153870
30;0.668762;-0.789810;0.147476
31;0.659775;-0.731277;0.037140
32;0.664169;-0.735474;0.021942
33;0.624374;-0.777924;0.066299
34;0.561798;-0.755859;0.076462
35;0.599335;-0.720047;0.025421
36;0.721710;-0.761154;0.007401
37;0.738129;-0.783966;-0.018677
38;0.668289;-0.769562;-0.037689
39;0.611725;-0.765137;-0.018219
40;0.650192;-0.769913;0.036072
41;0.682251;-0.746124;0.036316
42;0.746246;-0.709885;0.018188
43;0.737350;-0.673538;-0.004013
44;0.708038;-0.660446;-0.037903
45;0.749573;-0.654648;-0.071594
46;0.662796;-0.645187;0.063187
47;0.660431;-0.705276;0.094772
48;0.734085;-0.748077;-0.030945
49;0.721420;-0.736496;-0.024155
50;0.700302;-0.703369;-0.050323
51;0.715530;-0.698486;-0.078934
52;0.728622;-0.682739;-0.041763
53;0.725845;-0.665604;-0.001022
54;0.731903;-0.652008;0.016739
55;0.781509;-0.657776;0.003952
56;0.792007;-0.682144;-0.034668
57;0.707443;-0.680222;-0.031281
58;0.696793;-0.667297;-0.058975
59;0.723129;-0.663971;-0.095093
60;0.707153;-0.672409;-0.040833
61;0.751068;-0.663803;-0.003510
62;0.823547;-0.626953;0.027161
63;0.865906;-0.609482;0.010590
64;0.802353;-0.586685;-0.023514
65;0.736298;-0.618179;-0.072800
66;0.720474;-0.653534;-0.072769
67;0.726074;-0.679169;-0.088501
68;0.741989;-0.659256;-0.099274
69;0.743332;-0.635223;-0.108322
70;0.751053;-0.628616;-0.100006
71;0.752625;-0.650269;-0.073944
72;0.773727;-0.653793;-0.026871
73;0.783127;-0.623245;-0.007919
74;0.784103;-0.587585;-0.031815
75;0.842361;-0.561630;-0.097382
76;0.827896;-0.556671;-0.070862
77;0.799133;-0.590775;-0.006256
78;0.782623;-0.624847;-0.007751
79;0.764038;-0.635117;-0.024124
80;0.785507;-0.619370;-0.026108
81;0.803940;-0.602814;-0.053284
82;0.813995;-0.592438;-0.073929
83;0.799500;-0.590378;-0.066879
84;0.795593;-0.598602;-0.067307
85;0.778351;-0.604919;-0.047348
86;0.758438;-0.616913;-0.022827
87;0.785934;-0.622513;-0.040894
88;0.814301;-0.605469;-0.048309
89;0.814255;-0.581772;-0.046051
90;0.800613;-0.589157;-0.011475
91;0.799240;-0.606796;-0.002060
92;0.800522;-0.618790;0.008652
93;0.783539;-0.606384;0.002045
94;0.788361;-0.591904;-0.019516
95;0.821075;-0.587936;-0.027222
96;0.821945;-0.584229;-0.045349
97;0.779785;-0.587936;-0.034210
98;0.777100;-0.605606;-0.025925
99;0.791275;-0.608093;-0.010757
100;0.803680;-0.604492;-0.029816
101;0.814102;-0.607895;-0.036407
102;0.792603;-0.597656;-0.019104
103;0.788300;-0.609192;-0.005173
104;0.800964;-0.607346;-0.004761
105;0.799225;-0.586899;-0.038742
106;0.798447;-0.581116;-0.036667
107;0.800705;-0.601562;-0.025070
108;0.788223;-0.612549;-0.020187
109;0.776794;-0.607437;-0.013550
110;0.779312;-0.606186;0.000534
111;0.797668;-0.605499;0.004456
112;0.796036;-0.593094;0.004150
113;0.804657;-0.595886;-0.001358
114;0.825974;-0.611542;-0.008438
115;0.813614;-0.608307;0.010193
116;0.768494;-0.599823;-0.011215
117;0.767273;-0.606598;-0.038239
118;0.785004;-0.609970;-0.027328
119;0.778580;-0.603012;-0.032410
120;0.777039;-0.606323;-0.026108
121;0.808044;-0.611832;-0.028473
122;0.807739;-0.618057;-0.012985
123;0.785706;-0.621750;0.004654
124;0.776947;-0.608841;-0.035019
125;0.798981;-0.584808;-0.040741
126;0.831726;-0.579865;-0.044052
127;0.817093;-0.591400;-0.035080
128;0.786469;-0.588547;-0.011536
129;0.784912;-0.597595;0.002640
130;0.791916;-0.594574;0.030273
131;0.801025;-0.576401;0.025589
132;0.817383;-0.563324;0.002457
133;0.832169;-0.568527;-0.002518
134;0.837051;-0.582687;-0.006287
135;0.817276;-0.595291;-0.007538
136;0.794586;-0.603180;0.001221
137;0.780899;-0.607254;-0.024124
138;0.764343;-0.592621;-0.032761
139;0.801956;-0.587982;-0.016998
140;0.808609;-0.588333;-0.005264
141;0.808990;-0.589142;0.005814
142;0.823532;-0.589890;-0.000992
143;0.819473;-0.591644;-0.000519
144;0.799942;-0.586639;-0.000320
145;0.792526;-0.578201;-0.001083
146;0.819702;-0.588486;0.001846
147;0.831635;-0.588242;-0.015366
148;0.795898;-0.588272;-0.012787
149;0.781921;-0.606750;-0.009552
150;0.779449;-0.609634;-0.024628
151;0.783218;-0.596176;-0.043442
152;0.782440;-0.585327;-0.030960
153;0.768341;-0.592911;0.011505
154;0.802536;-0.600128;0.021301
155;0.848831;-0.601364;0.019791
156;0.833420;-0.597382;-0.003342
157;0.807785;-0.607315;-0.007065
158;0.801361;-0.596329;-0.011459
159;0.794022;-0.578659;-0.021744
160;0.791229;-0.550598;-0.006790
161;0.821259;-0.541214;0.013565
162;0.859299;-0.546234;-0.019653
163;0.831650;-0.543015;0.019897
164;0.827240;-0.554382;0.071640
165;0.838928;-0.569611;0.018753
166;0.832520;-0.556717;-0.016556
167;0.839859;-0.546875;-0.036957
168;0.809204;-0.559296;-0.010605
169;0.799347;-0.578308;0.027740
170;0.808716;-0.575577;0.022766
171;0.802505;-0.553833;0.026093
172;0.821671;-0.550735;0.028458
173;0.834595;-0.568939;0.041855
174;0.849075;-0.574966;0.041519
175;0.838715;-0.559219;0.035400
176;0.847397;-0.544830;0.003250
177;0.842224;-0.530121;0.034027
178;0.865875;-0.516876;0.005295
179;0.872345;-0.526947;0.035538
180;0.974854;-0.476410;0.170639
181;1.086395;-0.389481;0.281067
182;1.099945;-0.400940;0.311752
183;0.878632;-0.420258;0.262131
184;0.700790;-0.499115;0.160828
185;0.615646;-0.597931;0.045441
186;0.454407;-0.617172;-0.224854
187;0.362335;-0.636017;-0.441635
188;0.250656;-0.712173;-0.585983
189;0.281418;-0.744095;-0.588165
190;0.150391;-0.725189;-0.643814
191;0.247910;-0.916550;-0.688736
192;0.278214;-0.822800;-0.555161
193;0.220581;-0.849762;-0.581619
194;0.187027;-0.767273;-0.729965
195;0.231232;-0.803101;-0.639648
196;0.062042;-0.786774;-0.632980
197;0.132141;-0.819962;-0.701599
198;0.168732;-0.792343;-0.709290
199;0.170898;-0.819107;-0.720642
200;0.114594;-0.812866;-0.658463
201;0.175659;-0.795395;-0.629623
202;0.169754;-0.778214;-0.620026
203;0.109543;-0.771713;-0.647278
204;0.192474;-0.788101;-0.659698
205;0.163040;-0.768921;-0.633789
206;0.122253;-0.750504;-0.667114
