index;x;y;z
0;0.069855;-0.227341;-0.964737
1;0.062546;-0.271225;-0.961914
2;0.055832;-0.304825;-0.926102
3;0.087128;-0.264511;-0.939865
4;0.100876;-0.260300;-1.001114
5;0.101822;-0.250702;-0.952530
6;0.054947;-0.258942;-0.922714
7;0.004608;-0.224426;-0.930267
8;0.021851;-0.272232;-1.058365
9;-0.014160;-0.296234;-1.018967
10;0.037552;-0.267471;-0.995087
11;0.069504;-0.260849;-0.992065
12;0.056885;-0.280212;-0.979858
13;0.020203;-0.329178;-0.963455
14;0.082153;-0.339630;-0.940033
15;0.066772;-0.343979;-0.982651
16;0.060089;-0.346985;-0.989151
17;0.050568;-0.352341;-0.981369
18;0.019287;-0.351883;-1.045700
19;0.014084;-0.365738;-1.029922
20;0.027206;-0.401932;-0.949417
21;0.001587;-0.427277;-0.873642
22;-0.007675;-0.432724;-0.878479
23;0.000534;-0.449921;-0.836823
24;0.001053;-0.453873;-0.857040
25;-0.014908;-0.452072;-0.874664
26;0.015442;-0.461945;-0.880615
27;0.036987;-0.489487;-0.869507
28;0.031296;-0.488449;-0.874344
29;0.076660;-0.496506;-0.904907
30;0.126877;-0.543564;-0.891739
31;0.113190;-0.552765;-0.853943
32;0.024048;-0.461945;-0.861618
33;-0.020187;-0.389465;-0.939514
34;0.021011;-0.361969;-0.938110
35;0.020859;-0.407227;-0.828262
36;0.046295;-0.411560;-0.755157
37;0.088181;-0.395020;-0.773788
38;0.125229;-0.391098;-0.795395
39;0.161362;-0.394928;-0.793335
40;0.196136;-0.402008;-0.799530
41;0.235123;-0.412949;-0.854828
42;0.201691;-0.412354;-0.908615
43;0.185455;-0.407288;-0.936829
44;0.186890;-0.393265;-0.967484
45;0.145523;-0.350784;-1.039810
46;0.098297;-0.338760;-1.064240
47;0.063065;-0.374878;-0.973175
48;0.084106;-0.408676;-0.829910
49;0.126770;-0.441528;-0.786758
50;0.130737;-0.439056;-0.829071
51;0.130386;-0.442322;-0.898666
52;0.133667;-0.436096;-0.957748
53;0.149841;-0.412567;-1.016159
54;0.135208;-0.424667;-1.025711
55;0.111771;-0.458710;-0.980652
56;0.081528;-0.475388;-0.940125
57;0.092102;-0.470764;-0.944672
58;0.090118;-0.453735;-0.965698
59;0.046600;-0.448349;-0.964920
60;0.088760;-0.471756;-0.952347
61;0.146500;-0.475037;-0.892136
62;0.094559;-0.421356;-0.922440
63;0.069504;-0.379425;-0.985062
64;0.033478;-0.384857;-0.919769
65;-0.016418;-0.370804;-0.823563
66;-0.036636;-0.357910;-0.828949
67;-0.030853;-0.350830;-0.864136
68;-0.074005;-0.372757;-0.872421
69;-0.093811;-0.356354;-0.898911
70;-0.080963;-0.338257;-0.957230
71;-0.052841;-0.362900;-0.906387
72;-0.043472;-0.422195;-0.810440
73;-0.029007;-0.469467;-0.774033
74;-0.064835;-0.503479;-0.817917
75;-0.101456;-0.500412;-0.878983
76;-0.055573;-0.485733;-0.932861
77;-0.024078;-0.481796;-0.939728
78;-0.023773;-0.486832;-0.936874
79;-0.008331;-0.480682;-0.924820
80;0.004715;-0.471069;-0.895798
81;0.010056;-0.445236;-0.925247
82;-0.011612;-0.421570;-0.973694
83;0.009796;-0.424683;-0.954422
84;0.042877;-0.445816;-0.904205
85;0.049393;-0.463135;-0.826324
86;0.084198;-0.490204;-0.830505
87;0.165649;-0.611969;-0.837280
88;0.092560;-0.643326;-0.882462
89;-0.127731;-0.455246;-1.170166
90;-0.025986;-0.294235;-1.164047
91;0.131012;-0.344681;-1.047256
92;0.054260;-0.386887;-0.855698
93;0.003555;-0.430664;-0.728333
94;0.108398;-0.458435;-0.688461
95;0.151428;-0.441605;-0.790146
96;0.133698;-0.399536;-0.891144
97;0.095322;-0.397446;-0.959625
98;0.062668;-0.415268;-0.954803
99;0.087646;-0.464172;-0.842331
100;0.107513;-0.484299;-0.810944
101;0.092056;-0.482269;-0.860336
102;0.105713;-0.514267;-0.885361
103;0.087036;-0.538986;-0.843842
104;0.104752;-0.552429;-0.857712
105;0.112747;-0.552063;-0.878448
106;0.116272;-0.555405;-0.879150
107;0.109680;-0.556747;-0.862869
108;0.097992;-0.564178;-0.840698
109;0.066635;-0.549362;-0.874176
110;0.057632;-0.543121;-0.899811
111;0.073349;-0.601913;-0.853775
112;0.093399;-0.575272;-0.808121
113;0.058929;-0.467407;-0.861160
114;0.020981;-0.480408;-0.840546
115;-0.017441;-0.528214;-0.778381
116;-0.025604;-0.513977;-0.770523
117;-0.000641;-0.455292;-0.827194
118;0.010391;-0.430161;-0.820648
119;0.039795;-0.447449;-0.785721
120;0.057037;-0.439865;-0.817535
121;0.021759;-0.413940;-0.924072
122;0.015869;-0.431152;-1.017685
123;-0.000168;-0.477676;-0.965668
124;0.007416;-0.532944;-0.854385
125;0.003387;-0.543808;-0.839386
126;-0.001312;-0.515717;-0.884628
127;0.013870;-0.476868;-0.948364
128;0.029221;-0.453796;-0.952133
129;0.018051;-0.453812;-0.943329
130;0.002396;-0.454498;-0.946274
131;-0.025879;-0.458923;-0.939301
132;-0.008331;-0.457733;-0.931320
133;0.001266;-0.469116;-0.909058
134;0.011322;-0.483078;-0.870651
135;-0.000854;-0.495895;-0.860931
136;-0.008835;-0.502655;-0.888000
137;-0.004074;-0.513351;-0.891327
138;0.039917;-0.565491;-0.845856
139;0.047211;-0.547104;-0.832779
140;0.027237;-0.464249;-0.879013
141;0.013626;-0.426376;-0.869064
142;0.068085;-0.450897;-0.760773
143;0.111649;-0.493088;-0.766953
144;0.095016;-0.444977;-0.838089
145;0.146210;-0.420334;-0.994034
