index;x;y;z
0;-0.007141;-0.010269;-1.010071
1;-0.007217;-0.010468;-1.007370
2;-0.006500;-0.010513;-1.007156
3;-0.007446;-0.009918;-1.007523
4;-0.007080;-0.010071;-1.007385
5;-0.006638;-0.009552;-1.008667
6;-0.007721;-0.010529;-1.008423
7;-0.006790;-0.010773;-1.008362
8;-0.007538;-0.010468;-1.008255
9;-0.007126;-0.009613;-1.008316
10;-0.007355;-0.010315;-1.007690
11;-0.008041;-0.010605;-1.007492
12;-0.006409;-0.010864;-1.007812
13;-0.006805;-0.011536;-1.008316
14;-0.007507;-0.010361;-1.007614
15;-0.007126;-0.010742;-1.008606
16;-0.007111;-0.011047;-1.008072
17;-0.007004;-0.010468;-1.008392
18;-0.006424;-0.010269;-1.007568
19;-0.008072;-0.009521;-1.007462
20;-0.007385;-0.010254;-1.007339
21;-0.007446;-0.010696;-1.007751
22;-0.006622;-0.010727;-1.008972
23;-0.007156;-0.010056;-1.008331
24;-0.007095;-0.010391;-1.006775
25;-0.007339;-0.010345;-1.008331
26;-0.006897;-0.009811;-1.007599
27;-0.007294;-0.010300;-1.008148
28;-0.007812;-0.010849;-1.009369
29;-0.003830;-0.011200;-1.011627
30;0.002441;-0.113724;-0.972122
31;0.004059;0.108475;-1.025955
32;-0.028397;-0.027176;-1.043457
33;-0.109436;-0.044662;-1.447540
34;-0.128677;-0.042419;-0.851974
35;-0.032166;-0.247574;-0.381195
36;-0.357834;0.209503;-1.559082
37;0.183701;-0.413864;-0.715637
38;-0.302368;-0.102036;-0.989410
39;-0.357208;0.156815;-0.795532
40;-0.441101;0.016251;-1.214066
41;-0.459320;-0.019119;-1.378342
42;-0.190506;0.038086;-1.117706
43;-0.016815;-0.160553;-0.949402
44;-0.057236;0.120560;-0.916946
45;0.072556;0.033661;-1.027054
46;0.226288;-0.205734;-1.110413
47;0.136490;-0.266251;-0.936081
48;0.024536;-0.217712;-0.977524
49;0.435394;-0.156082;-0.604797
50;0.740372;-0.291412;-0.724075
51;0.373520;-0.120865;-0.870087
52;0.345810;-0.038544;-0.845306
53;0.198746;-0.201065;-0.946289
54;0.149872;-0.099457;-1.175278
55;0.199326;-0.002731;-0.918839
56;0.286133;-0.174622;-1.098206
57;0.196152;-0.228821;-0.898575
58;0.200851;-0.140854;-0.922226
59;0.264923;-0.261856;-1.091934
60;0.320969;-0.272552;-0.934860
61;0.180099;-0.312897;-1.016647
62;0.172974;-0.401062;-1.130249
63;0.358215;-0.066757;-0.652008
64;0.542969;-0.630661;-0.900818
65;0.276871;-0.495621;-0.962570
66;0.201874;-0.532867;-0.695404
67;0.139435;-0.566559;-0.887848
68;0.184433;-0.554352;-0.827423
69;0.187057;-0.533722;-0.852188
70;0.080933;-0.482101;-0.777679
71;-0.021973;-0.577438;-0.654022
72;0.130524;-0.583130;-0.952133
73;0.066208;-0.549667;-0.827988
74;0.002838;-0.559372;-0.734421
75;-0.061935;-0.730255;-0.780853
76;-0.053436;-0.645706;-0.738800
77;-0.116043;-0.719955;-0.852722
78;-0.069626;-0.689743;-0.824783
79;-0.032196;-0.736069;-0.708771
80;-0.076096;-0.733047;-0.654602
81;-0.033081;-0.737625;-0.625687
82;0.008499;-0.758057;-0.599396
83;0.056107;-0.839172;-0.478180
84;-0.058289;-0.854935;-0.419876
85;0.017715;-0.840775;-0.506912
86;-0.033813;-0.876389;-0.458481
87;-0.035828;-0.885910;-0.335037
88;-0.032776;-0.901657;-0.323410
89;-0.040985;-0.925034;-0.309128
90;-0.030624;-0.921707;-0.255142
91;-0.027222;-0.912598;-0.236984
92;-0.000641;-0.907852;-0.289963
93;0.007645;-0.945953;-0.311951
94;0.008286;-0.967438;-0.297852
95;0.018524;-0.959534;-0.236328
96;0.026352;-0.944412;-0.217957
97;-0.024689;-0.923706;-0.222137
98;-0.074219;-0.931458;-0.220291
99;-0.053497;-0.923019;-0.250122
100;-0.004364;-0.918945;-0.217102
101;0.003326;-0.912491;-0.248459
102;0.003357;-0.944885;-0.199280
103;-0.011871;-0.964249;-0.116364
104;-0.038330;-0.991791;-0.109451
105;-0.038666;-1.001297;-0.223358
106;-0.029449;-1.001907;-0.191681
107;-0.003677;-0.995285;-0.187347
108;0.017746;-0.988220;-0.205261
109;0.005020;-0.967010;-0.174332
110;0.003662;-0.942551;-0.164169
111;0.018494;-0.942963;-0.187653
112;-0.025421;-0.958542;-0.118088
113;-0.016922;-0.968796;-0.156250
114;-0.004517;-0.970612;-0.209290
115;0.004974;-0.984085;-0.188858
116;-0.002258;-0.989059;-0.195953
117;0.018311;-0.991074;-0.209747
118;-0.012482;-0.990219;-0.216599
119;-0.012405;-0.985275;-0.217270
120;0.013870;-0.974777;-0.213608
121;0.019684;-0.971954;-0.213074
122;-0.007004;-0.970947;-0.197372
123;-0.006302;-0.968643;-0.199371
124;0.005646;-0.959259;-0.214050
125;0.000824;-0.963867;-0.197861
126;-0.008774;-0.977051;-0.224045
127;-0.006989;-0.978683;-0.209976
128;-0.021698;-0.976562;-0.237671
129;-0.004791;-0.970230;-0.241959
130;0.004471;-0.970108;-0.226776
131;0.001892;-0.979965;-0.207199
132;-0.025635;-0.973160;-0.244446
133;-0.022751;-0.972961;-0.258270
134;-0.017960;-0.972870;-0.244064
135;-0.023010;-0.967010;-0.221970
136;-0.021820;-0.959595;-0.236374
137;-0.009048;-0.954666;-0.221359
138;0.003250;-0.944885;-0.223267
139;0.021683;-0.941055;-0.212784
140;0.011017;-0.941116;-0.259613
141;-0.017334;-0.942459;-0.251923
142;-0.031540;-0.937653;-0.206757
143;-0.017685;-0.940353;-0.265640
144;-0.001968;-0.929825;-0.330185
145;0.026077;-0.926834;-0.310104
146;0.006790;-0.919144;-0.338425
147;-0.010178;-0.909729;-0.338852
148;-0.040543;-0.913101;-0.396362
149;-0.010284;-0.943481;-0.418854
150;-0.025589;-0.988052;-0.406570
151;-0.071594;-0.925766;-0.473450
152;-0.013794;-0.950607;-0.414764
153;-0.024704;-0.898026;-0.440277
154;-0.011963;-0.934769;-0.451767
155;-0.007355;-0.914154;-0.535721
156;0.022064;-0.889618;-0.438965
157;0.055344;-0.887604;-0.501465
158;0.025360;-0.858841;-0.527542
159;0.033035;-0.861801;-0.448837
160;0.024826;-0.869659;-0.437439
161;0.035294;-0.861633;-0.444595
162;0.005325;-0.847000;-0.563248
163;0.009766;-0.860779;-0.536667
164;0.040970;-0.862183;-0.477417
165;0.059052;-0.854568;-0.503860
166;0.005753;-0.838943;-0.568970
167;0.030762;-0.858200;-0.600906
168;0.040787;-0.875381;-0.467361
